# Bundle file v0.3
1017 0
2725.58 0 0
-0.937197 -0.299575 0.178652
-0.123581 -0.193772 -0.973231
0.326174 -0.934188 0.144581
0.231348 2.39815 -1.96733
2725.58 0 0
-0.935101 -0.303701 0.182623
-0.126589 -0.195068 -0.972586
0.330999 -0.932584 0.143963
0.23662 2.39898 -1.96868
2725.58 0 0
-0.932971 -0.307815 0.186588
-0.129588 -0.196377 -0.971927
0.335815 -0.93096 0.143325
0.241883 2.39991 -1.97017
2725.58 0 0
-0.930806 -0.311915 0.190548
-0.132579 -0.197699 -0.971256
0.34062 -0.929314 0.142666
0.247135 2.40093 -1.97181
2725.58 0 0
-0.928607 -0.316003 0.194502
-0.135561 -0.199034 -0.970571
0.345416 -0.927646 0.141987
0.252372 2.40204 -1.97359
2725.58 0 0
-0.926374 -0.320077 0.19845
-0.138534 -0.200382 -0.969874
0.350201 -0.925958 0.141287
0.257595 2.40325 -1.97552
2725.58 0 0
-0.924106 -0.324139 0.202392
-0.141498 -0.201743 -0.969164
0.354975 -0.924248 0.140567
0.262799 2.40455 -1.9776
2725.58 0 0
-0.921803 -0.328187 0.206329
-0.144452 -0.203117 -0.96844
0.359738 -0.922516 0.139827
0.267984 2.40595 -1.97983
2725.58 0 0
-0.919467 -0.332221 0.210259
-0.147398 -0.204504 -0.967704
0.364491 -0.920764 0.139066
0.273148 2.40744 -1.9822
2725.58 0 0
-0.917097 -0.336242 0.214182
-0.150334 -0.205904 -0.966956
0.369232 -0.918991 0.138285
0.278289 2.40903 -1.98471
2725.58 0 0
-0.914693 -0.34025 0.218099
-0.153261 -0.207316 -0.966194
0.373963 -0.917197 0.137484
0.283404 2.41071 -1.98738
2725.58 0 0
-0.912254 -0.344243 0.22201
-0.156179 -0.208741 -0.96542
0.378681 -0.915382 0.136662
0.288493 2.41248 -1.99019
2725.58 0 0
-0.909783 -0.348222 0.225913
-0.159086 -0.210179 -0.964633
0.383388 -0.913546 0.13582
0.293552 2.41434 -1.99314
2725.58 0 0
-0.907277 -0.352187 0.229809
-0.161984 -0.21163 -0.963833
0.388084 -0.911689 0.134958
0.29858 2.4163 -1.99624
2725.58 0 0
-0.904738 -0.356137 0.233699
-0.164873 -0.213093 -0.96302
0.392767 -0.909812 0.134076
0.303576 2.41835 -1.99949
2725.58 0 0
-0.902165 -0.360073 0.237581
-0.167751 -0.214568 -0.962195
0.397438 -0.907914 0.133174
0.308536 2.42049 -2.00288
2725.58 0 0
-0.899559 -0.363994 0.241455
-0.170619 -0.216056 -0.961358
0.402097 -0.905995 0.132252
0.31346 2.42273 -2.00642
2725.58 0 0
-0.89692 -0.367901 0.245322
-0.173477 -0.217557 -0.960508
0.406743 -0.904056 0.131309
0.318346 2.42506 -2.0101
2725.58 0 0
-0.894247 -0.371792 0.249182
-0.176324 -0.219069 -0.959645
0.411377 -0.902097 0.130346
0.323191 2.42748 -2.01393
2725.58 0 0
-0.891542 -0.375669 0.253033
-0.179162 -0.220594 -0.958769
0.415998 -0.900117 0.129364
0.327993 2.42999 -2.0179
2725.58 0 0
-0.888803 -0.37953 0.256877
-0.181988 -0.222132 -0.957882
0.420605 -0.898117 0.128361
0.332751 2.43259 -2.02202
2725.58 0 0
-0.886032 -0.383376 0.260712
-0.184805 -0.223681 -0.956982
0.4252 -0.896097 0.127339
0.337463 2.43528 -2.02628
2725.58 0 0
-0.883227 -0.387206 0.264539
-0.18761 -0.225243 -0.956069
0.429781 -0.894057 0.126297
0.342127 2.43806 -2.03068
2725.58 0 0
-0.88039 -0.39102 0.268358
-0.190405 -0.226816 -0.955144
0.434349 -0.891996 0.125235
0.34674 2.44093 -2.03523
2725.58 0 0
-0.877521 -0.394819 0.272168
-0.193188 -0.228402 -0.954207
0.438903 -0.889916 0.124153
0.351302 2.4439 -2.03992
2725.58 0 0
-0.874618 -0.398602 0.275969
-0.195961 -0.23 -0.953257
0.443443 -0.887815 0.123052
0.355809 2.44695 -2.04475
2725.58 0 0
-0.868717 -0.406118 0.283545
-0.201473 -0.23323 -0.951321
0.45248 -0.883556 0.12079
0.364657 2.45332 -2.05485
2725.58 0 0
-0.866845 -0.40827 0.286173
-0.203509 -0.234247 -0.950638
0.455152 -0.882294 0.119969
0.370579 2.45341 -2.05871
2725.58 0 0
-0.86496 -0.410416 0.288797
-0.205541 -0.235269 -0.949948
0.457819 -0.881026 0.119141
0.376483 2.45356 -2.06264
2725.58 0 0
-0.863061 -0.412555 0.291417
-0.207568 -0.236295 -0.949252
0.46048 -0.879752 0.118304
0.382367 2.45376 -2.06665
2725.58 0 0
-0.86115 -0.414688 0.294033
-0.20959 -0.237327 -0.94855
0.463135 -0.87847 0.117459
0.388232 2.45403 -2.07073
2725.58 0 0
-0.859225 -0.416815 0.296645
-0.211608 -0.238364 -0.947842
0.465784 -0.877182 0.116607
0.394075 2.45434 -2.07488
2725.58 0 0
-0.857287 -0.418935 0.299252
-0.213621 -0.239405 -0.947128
0.468427 -0.875887 0.115746
0.399897 2.45472 -2.0791
2725.58 0 0
-0.855337 -0.421048 0.301855
-0.215629 -0.240452 -0.946407
0.471065 -0.874586 0.114877
0.405697 2.45515 -2.0834
2725.58 0 0
-0.853374 -0.423155 0.304453
-0.217632 -0.241503 -0.945681
0.473696 -0.873279 0.114
0.411475 2.45564 -2.08777
2725.58 0 0
-0.851399 -0.425256 0.307047
-0.219631 -0.24256 -0.944948
0.476322 -0.871965 0.113116
0.41723 2.45618 -2.09222
2725.58 0 0
-0.84941 -0.42735 0.309636
-0.221625 -0.243621 -0.944209
0.478942 -0.870644 0.112223
0.422961 2.45678 -2.09674
2725.58 0 0
-0.847408 -0.429437 0.312221
-0.223613 -0.244687 -0.943464
0.481556 -0.869317 0.111322
0.428668 2.45743 -2.10133
2725.58 0 0
-0.845394 -0.431518 0.314802
-0.225597 -0.245758 -0.942713
0.484163 -0.867983 0.110413
0.43435 2.45814 -2.10599
2725.58 0 0
-0.843368 -0.433592 0.317378
-0.227576 -0.246834 -0.941956
0.486765 -0.866643 0.109497
0.440006 2.45891 -2.11072
2725.58 0 0
-0.841328 -0.43566 0.319949
-0.22955 -0.247915 -0.941193
0.48936 -0.865297 0.108572
0.445636 2.45973 -2.11553
2725.58 0 0
-0.839276 -0.437721 0.322515
-0.231519 -0.249 -0.940424
0.49195 -0.863944 0.10764
0.451238 2.4606 -2.12041
2725.58 0 0
-0.837211 -0.439775 0.325077
-0.233483 -0.250091 -0.939649
0.494533 -0.862585 0.106699
0.456814 2.46154 -2.12536
2725.58 0 0
-0.835134 -0.441822 0.327634
-0.235442 -0.251186 -0.938868
0.49711 -0.861219 0.105751
0.462361 2.46253 -2.13039
2725.58 0 0
-0.833044 -0.443863 0.330187
-0.237396 -0.252286 -0.93808
0.49968 -0.859847 0.104795
0.467879 2.46357 -2.13548
2725.58 0 0
-0.830942 -0.445896 0.332734
-0.239344 -0.253391 -0.937287
0.502245 -0.858469 0.103831
0.473368 2.46467 -2.14065
2725.58 0 0
-0.828827 -0.447923 0.335277
-0.241288 -0.254501 -0.936488
0.504803 -0.857085 0.102859
0.478827 2.46582 -2.14589
2725.58 0 0
-0.8267 -0.449943 0.337814
-0.243226 -0.255615 -0.935683
0.507354 -0.855694 0.101879
0.484256 2.46703 -2.1512
2725.58 0 0
-0.82456 -0.451956 0.340347
-0.245159 -0.256734 -0.934871
0.509899 -0.854297 0.100891
0.489653 2.46829 -2.15659
2725.58 0 0
-0.822408 -0.453962 0.342875
-0.247087 -0.257857 -0.934054
0.512438 -0.852894 0.0998961
0.495018 2.46961 -2.16204
2725.58 0 0
-0.820244 -0.455961 0.345398
-0.24901 -0.258986 -0.933231
0.51497 -0.851485 0.0988929
0.500351 2.47098 -2.16757
2725.58 0 0
-0.818067 -0.457953 0.347916
-0.250927 -0.260119 -0.932402
0.517496 -0.850069 0.097882
0.505651 2.47241 -2.17316
2725.58 0 0
-0.815878 -0.459938 0.350428
-0.252839 -0.261257 -0.931567
0.520015 -0.848647 0.0968632
0.510917 2.47389 -2.17883
2725.58 0 0
-0.813677 -0.461916 0.352936
-0.254746 -0.262399 -0.930727
0.522527 -0.84722 0.0958367
0.516149 2.47542 -2.18457
2725.58 0 0
-0.811464 -0.463886 0.355438
-0.256647 -0.263546 -0.92988
0.525033 -0.845786 0.0948026
0.521346 2.47701 -2.19038
2725.58 0 0
-0.807 -0.467807 0.360428
-0.260433 -0.265853 -0.928168
0.530024 -0.842899 0.0927112
0.531631 2.48035 -2.2022
2725.58 0 0
-0.802646 -0.471358 0.365489
-0.265219 -0.266808 -0.926538
0.534246 -0.840616 0.0891384
0.526153 2.47907 -2.18919
2725.58 0 0
-0.798243 -0.474892 0.370521
-0.269991 -0.267783 -0.924877
0.538436 -0.838314 0.085539
0.52086 2.47781 -2.17628
2725.58 0 0
-0.793794 -0.478407 0.375525
-0.274748 -0.268779 -0.923186
0.542592 -0.835993 0.0819135
0.515752 2.47659 -2.16346
2725.58 0 0
-0.789297 -0.481904 0.380499
-0.279489 -0.269796 -0.921464
0.546715 -0.833654 0.0782618
0.510826 2.47539 -2.15074
2725.58 0 0
-0.784753 -0.485383 0.385443
-0.284215 -0.270834 -0.919712
0.550804 -0.831296 0.0745844
0.506082 2.47423 -2.13811
2725.58 0 0
-0.780163 -0.488843 0.390358
-0.288925 -0.271893 -0.917931
0.554859 -0.828919 0.0708812
0.501516 2.47311 -2.12559
2725.58 0 0
-0.775526 -0.492284 0.395242
-0.293619 -0.272972 -0.916119
0.558881 -0.826525 0.0671526
0.497128 2.47202 -2.11317
2725.58 0 0
-0.770843 -0.495705 0.400096
-0.298297 -0.274072 -0.914278
0.562867 -0.824112 0.0633991
0.492915 2.47097 -2.10085
2725.58 0 0
-0.766115 -0.499108 0.404919
-0.302958 -0.275192 -0.912407
0.56682 -0.821682 0.0596204
0.488876 2.46996 -2.08864
2725.58 0 0
-0.761341 -0.50249 0.409711
-0.307601 -0.276333 -0.910506
0.570737 -0.819234 0.0558171
0.485008 2.469 -2.07653
2725.58 0 0
-0.756523 -0.505853 0.414472
-0.312228 -0.277495 -0.908576
0.57462 -0.816768 0.0519892
0.481309 2.46808 -2.06453
2725.58 0 0
-0.751659 -0.509196 0.419201
-0.316837 -0.278677 -0.906617
0.578467 -0.814285 0.0481372
0.477778 2.4672 -2.05263
2725.58 0 0
-0.74675 -0.512519 0.423898
-0.321428 -0.279879 -0.904628
0.582278 -0.811784 0.0442612
0.474412 2.46637 -2.04085
2725.58 0 0
-0.741797 -0.515821 0.428562
-0.326002 -0.281101 -0.90261
0.586054 -0.809266 0.0403613
0.47121 2.46559 -2.02918
2725.58 0 0
-0.736801 -0.519102 0.433195
-0.330557 -0.282343 -0.900564
0.589794 -0.806731 0.0364377
0.46817 2.46487 -2.01762
2725.58 0 0
-0.73176 -0.522363 0.437794
-0.335093 -0.283605 -0.898488
0.593498 -0.804179 0.032491
0.465288 2.46419 -2.00617
2725.58 0 0
-0.726676 -0.525603 0.442361
-0.33961 -0.284888 -0.896384
0.597165 -0.801611 0.0285211
0.462564 2.46357 -1.99484
2725.58 0 0
-0.72155 -0.528822 0.446894
-0.344109 -0.28619 -0.894251
0.600796 -0.799026 0.0245283
0.459996 2.463 -1.98363
2725.58 0 0
-0.71638 -0.532019 0.451393
-0.348587 -0.287513 -0.892089
0.60439 -0.796425 0.0205129
0.45758 2.46249 -1.97253
2725.58 0 0
-0.711168 -0.535195 0.455859
-0.353047 -0.288854 -0.8899
0.607946 -0.793807 0.0164752
0.455316 2.46204 -1.96155
2725.58 0 0
-0.705914 -0.538349 0.46029
-0.357486 -0.290216 -0.887682
0.611466 -0.791174 0.0124152
0.4532 2.46165 -1.95069
2725.58 0 0
-0.700617 -0.541481 0.464687
-0.361905 -0.291597 -0.885436
0.614948 -0.788524 0.00833356
0.45123 2.46131 -1.93995
2725.58 0 0
-0.69528 -0.544591 0.46905
-0.366303 -0.292998 -0.883162
0.618392 -0.785859 0.0042299
0.449406 2.46105 -1.92933
2725.58 0 0
-0.6899 -0.547678 0.473377
-0.370681 -0.294418 -0.88086
0.621798 -0.783177 0.000105143
0.447723 2.46085 -1.91883
2725.58 0 0
-0.684481 -0.550743 0.47767
-0.375038 -0.295857 -0.87853
0.625167 -0.780481 -0.00404096
0.44618 2.46071 -1.90846
2725.58 0 0
-0.67902 -0.553786 0.481927
-0.379373 -0.297316 -0.876173
0.628497 -0.777769 -0.0082078
0.444776 2.46064 -1.89821
2725.58 0 0
-0.67352 -0.556805 0.486148
-0.383687 -0.298794 -0.873789
0.631788 -0.775042 -0.0123956
0.443506 2.46064 -1.88809
2725.58 0 0
-0.667979 -0.559802 0.490333
-0.387979 -0.300291 -0.871377
0.635041 -0.7723 -0.0166035
0.442369 2.46071 -1.8781
2725.58 0 0
-0.656779 -0.565725 0.498595
-0.396497 -0.303342 -0.866472
0.64143 -0.766772 -0.0250801
0.440486 2.46107 -1.85849
2725.58 0 0
-0.641126 -0.571798 0.511864
-0.412719 -0.305421 -0.858126
0.647009 -0.761423 -0.0401784
0.417253 2.44179 -1.87875
2725.58 0 0
-0.625138 -0.57776 0.524781
-0.428738 -0.307646 -0.849433
0.652216 -0.756007 -0.0553864
0.394175 2.42335 -1.89984
2725.58 0 0
-0.608825 -0.583608 0.537338
-0.444546 -0.310015 -0.840398
0.657046 -0.750528 -0.0706955
0.371196 2.40576 -1.92177
2725.58 0 0
-0.592197 -0.589338 0.54953
-0.460134 -0.312526 -0.831026
0.661498 -0.744988 -0.0860976
0.348262 2.38905 -1.94451
2725.58 0 0
-0.575261 -0.594948 0.561349
-0.475494 -0.315179 -0.821321
0.665568 -0.739391 -0.101584
0.325314 2.37324 -1.96804
2725.58 0 0
-0.558026 -0.600434 0.572788
-0.490616 -0.317971 -0.811289
0.669255 -0.73374 -0.117147
0.302298 2.35834 -1.99235
2725.58 0 0
-0.540502 -0.605793 0.583843
-0.505494 -0.320901 -0.800936
0.672557 -0.728037 -0.132777
0.279155 2.34436 -2.01742
2725.58 0 0
-0.5227 -0.611022 0.594506
-0.520119 -0.323969 -0.790266
0.675471 -0.722286 -0.148466
0.255831 2.33132 -2.04322
2725.58 0 0
-0.504627 -0.616119 0.604772
-0.534483 -0.32717 -0.779286
0.677996 -0.716489 -0.164206
0.23227 2.31923 -2.06975
2725.58 0 0
-0.486295 -0.621081 0.614635
-0.548579 -0.330505 -0.768002
0.680132 -0.710651 -0.179988
0.208414 2.3081 -2.09696
2725.58 0 0
-0.467712 -0.625904 0.624091
-0.562398 -0.333972 -0.75642
0.681876 -0.704774 -0.195804
0.18421 2.29793 -2.12484
2725.58 0 0
-0.44889 -0.630588 0.633133
-0.575933 -0.337569 -0.744546
0.683227 -0.698861 -0.211645
0.159602 2.28874 -2.15336
2725.58 0 0
-0.429837 -0.635128 0.641758
-0.589177 -0.341292 -0.732386
0.684186 -0.692916 -0.227503
0.134534 2.28052 -2.1825
2725.58 0 0
-0.410565 -0.639522 0.649959
-0.602123 -0.345142 -0.719948
0.684751 -0.686941 -0.243368
0.108952 2.27329 -2.21221
2725.58 0 0
-0.391084 -0.643769 0.657734
-0.614764 -0.349115 -0.707237
0.684922 -0.68094 -0.259233
0.0828035 2.26703 -2.24249
2725.58 0 0
-0.371405 -0.647866 0.665078
-0.627092 -0.35321 -0.694261
0.6847 -0.674917 -0.275088
0.0560328 2.26175 -2.27328
2725.58 0 0
-0.351538 -0.65181 0.671986
-0.639102 -0.357423 -0.681027
0.684083 -0.668874 -0.290926
0.028589 2.25745 -2.30457
2725.58 0 0
-0.331493 -0.6556 0.678455
-0.650787 -0.361754 -0.667541
0.683073 -0.662815 -0.306737
0.000419378 2.25412 -2.33631
2725.58 0 0
-0.311283 -0.659233 0.684482
-0.662139 -0.366198 -0.653812
0.681671 -0.656742 -0.322513
-0.0285279 2.25176 -2.36847
2725.58 0 0
-0.290917 -0.662707 0.690063
-0.673154 -0.370756 -0.639847
0.679876 -0.650661 -0.338245
-0.0583021 2.25036 -2.40102
2725.58 0 0
-0.270407 -0.666021 0.695195
-0.683825 -0.375422 -0.625652
0.677689 -0.644573 -0.353926
-0.0889527 2.2499 -2.43391
2725.58 0 0
-0.249763 -0.669173 0.699875
-0.694147 -0.380196 -0.611237
0.675113 -0.638481 -0.369546
-0.12053 2.25038 -2.46712
2725.58 0 0
-0.228998 -0.672161 0.704102
-0.704114 -0.385075 -0.596608
0.672149 -0.63239 -0.385097
-0.153081 2.25179 -2.5006
2725.58 0 0
-0.208122 -0.674984 0.707872
-0.71372 -0.390055 -0.581774
0.668797 -0.626302 -0.40057
-0.186651 2.2541 -2.5343
2725.58 0 0
-0.187147 -0.677639 0.711184
-0.722961 -0.395135 -0.566743
0.66506 -0.620222 -0.415958
-0.221287 2.25731 -2.5682
2725.58 0 0
-0.166083 -0.680125 0.714035
-0.73183 -0.400311 -0.551522
0.66094 -0.614151 -0.431252
-0.257034 2.26139 -2.60225
2725.58 0 0
-0.144943 -0.682442 0.716425
-0.740324 -0.40558 -0.53612
0.656438 -0.608093 -0.446443
-0.293933 2.26632 -2.6364
2725.58 0 0
-0.123737 -0.684588 0.718351
-0.748438 -0.41094 -0.520546
0.651559 -0.602053 -0.461523
-0.332027 2.27209 -2.67061
2725.58 0 0
-0.0811764 -0.688361 0.720811
-0.763509 -0.421922 -0.488913
0.640675 -0.590034 -0.49132
-0.411958 2.28603 -2.73905
2725.58 0 0
-0.0757155 -0.688329 0.721436
-0.761916 -0.426791 -0.487169
0.643236 -0.58656 -0.492134
-0.405641 2.28805 -2.72458
2725.58 0 0
-0.0702535 -0.688264 0.722051
-0.76029 -0.43165 -0.485426
0.645774 -0.58307 -0.492955
-0.399278 2.29031 -2.71026
2725.58 0 0
-0.0647906 -0.688166 0.722655
-0.758632 -0.436497 -0.483682
0.64829 -0.579567 -0.493784
-0.392874 2.29282 -2.69609
2725.58 0 0
-0.0593276 -0.688035 0.723248
-0.756942 -0.441334 -0.481938
0.650784 -0.576049 -0.49462
-0.386428 2.29557 -2.68206
2725.58 0 0
-0.053864 -0.687872 0.723831
-0.75522 -0.446159 -0.480194
0.653255 -0.572517 -0.495462
-0.379947 2.29857 -2.66818
2725.58 0 0
-0.0484006 -0.687675 0.724404
-0.753466 -0.450972 -0.478449
0.655703 -0.56897 -0.496313
-0.373431 2.30181 -2.65445
2725.58 0 0
-0.0429372 -0.687446 0.724965
-0.75168 -0.455774 -0.476705
0.658129 -0.56541 -0.497169
-0.366885 2.30529 -2.64087
2725.58 0 0
-0.0374744 -0.687184 0.725517
-0.749862 -0.460564 -0.474961
0.660532 -0.561836 -0.498034
-0.360308 2.30902 -2.62745
2725.58 0 0
-0.032012 -0.686888 0.726058
-0.748013 -0.465342 -0.473217
0.662912 -0.558249 -0.498905
-0.353706 2.31299 -2.61417
2725.58 0 0
-0.0265504 -0.68656 0.726588
-0.746132 -0.470107 -0.471473
0.665269 -0.554648 -0.499783
-0.347081 2.3172 -2.60105
2725.58 0 0
-0.0210901 -0.6862 0.727108
-0.744219 -0.47486 -0.46973
0.667603 -0.551034 -0.500668
-0.340435 2.32165 -2.58809
2725.58 0 0
-0.0156311 -0.685806 0.727616
-0.742275 -0.4796 -0.467987
0.669913 -0.547406 -0.50156
-0.333771 2.32633 -2.57529
2725.58 0 0
-0.0101734 -0.68538 0.728115
-0.740299 -0.484328 -0.466245
0.672201 -0.543766 -0.502459
-0.327092 2.33126 -2.56264
2725.58 0 0
-0.00471735 -0.684921 0.728602
-0.738292 -0.489042 -0.464503
0.674465 -0.540112 -0.503365
-0.3204 2.33643 -2.55016
2725.58 0 0
0.000736594 -0.684429 0.729079
-0.736254 -0.493743 -0.462762
0.676705 -0.536446 -0.504277
-0.313699 2.34183 -2.53783
2725.58 0 0
0.00618845 -0.683905 0.729545
-0.734184 -0.498431 -0.461021
0.678922 -0.532768 -0.505197
-0.306991 2.34747 -2.52567
2725.58 0 0
0.011638 -0.683347 0.730001
-0.732084 -0.503105 -0.459281
0.681116 -0.529077 -0.506123
-0.300278 2.35334 -2.51368
2725.58 0 0
0.0170853 -0.682757 0.730446
-0.729952 -0.507766 -0.457542
0.683285 -0.525373 -0.507055
-0.293565 2.35944 -2.50185
2725.58 0 0
0.0225295 -0.682135 0.730879
-0.727789 -0.512412 -0.455803
0.685431 -0.521657 -0.507995
-0.286852 2.36578 -2.49018
2725.58 0 0
0.0279709 -0.681479 0.731302
-0.725596 -0.517044 -0.454066
0.687552 -0.517929 -0.508941
-0.280144 2.37236 -2.47868
2725.58 0 0
0.0334088 -0.680792 0.731715
-0.723372 -0.521663 -0.45233
0.68965 -0.51419 -0.509894
-0.273441 2.37916 -2.46735
2725.58 0 0
0.0388435 -0.680071 0.732117
-0.721117 -0.526266 -0.450594
0.691724 -0.510439 -0.510853
-0.266749 2.3862 -2.45619
2725.58 0 0
0.0442746 -0.679318 0.732507
-0.718831 -0.530855 -0.44886
0.693774 -0.506676 -0.511818
-0.260069 2.39346 -2.44521
2725.58 0 0
0.0497018 -0.678533 0.732887
-0.716515 -0.535429 -0.447127
0.695799 -0.502901 -0.512791
-0.253403 2.40095 -2.43439
2725.58 0 0
0.055125 -0.677715 0.733256
-0.714168 -0.539988 -0.445396
0.6978 -0.499116 -0.513769
-0.246755 2.40867 -2.42375
2725.58 0 0
0.0605439 -0.676864 0.733614
-0.711792 -0.544532 -0.443665
0.699777 -0.495319 -0.514755
-0.240127 2.41662 -2.41328
2725.58 0 0
0.0659584 -0.675981 0.733961
-0.709384 -0.54906 -0.441936
0.701729 -0.491511 -0.515746
-0.233523 2.42479 -2.40298
2725.58 0 0
0.0713682 -0.675066 0.734297
-0.706947 -0.553572 -0.440209
0.703656 -0.487692 -0.516743
-0.226944 2.43319 -2.39286
2725.58 0 0
0.0821733 -0.673138 0.734937
-0.701982 -0.562551 -0.436758
0.707438 -0.480023 -0.518758
-0.213875 2.45064 -2.37316
2725.58 0 0
0.106091 -0.670108 0.734642
-0.698449 -0.576084 -0.424614
0.707753 -0.468063 -0.529154
-0.242282 2.43461 -2.34962
2725.58 0 0
0.129941 -0.666644 0.733963
-0.694477 -0.589527 -0.412505
0.707685 -0.456118 -0.539573
-0.269535 2.41918 -2.32643
2725.58 0 0
0.153711 -0.662747 0.732898
-0.690068 -0.602872 -0.400438
0.707233 -0.444198 -0.550009
-0.295682 2.40437 -2.30362
2725.58 0 0
0.177386 -0.65842 0.731449
-0.685226 -0.616112 -0.388422
0.706399 -0.432307 -0.560457
-0.320774 2.39022 -2.28121
2725.58 0 0
0.200953 -0.653665 0.729616
-0.679953 -0.629238 -0.376461
0.705182 -0.420454 -0.570909
-0.344863 2.37673 -2.25924
2725.58 0 0
0.224396 -0.648486 0.727401
-0.674253 -0.642242 -0.364565
0.703583 -0.408645 -0.58136
-0.368 2.36394 -2.23773
2725.58 0 0
0.247703 -0.642885 0.724805
-0.668128 -0.655118 -0.35274
0.701604 -0.396888 -0.591804
-0.39024 2.35187 -2.2167
2725.58 0 0
0.27086 -0.636865 0.72183
-0.661583 -0.667857 -0.340992
0.699245 -0.385189 -0.602235
-0.411637 2.34053 -2.19618
2725.58 0 0
0.293853 -0.63043 0.718476
-0.65462 -0.680452 -0.329329
0.696508 -0.373554 -0.612645
-0.432246 2.32994 -2.17619
2725.58 0 0
0.316669 -0.623584 0.714747
-0.647245 -0.692896 -0.317758
0.693394 -0.361992 -0.62303
-0.452125 2.32011 -2.15676
2725.58 0 0
0.339294 -0.616331 0.710644
-0.639461 -0.70518 -0.306285
0.689905 -0.350509 -0.633384
-0.471328 2.31107 -2.13789
2725.58 0 0
0.361715 -0.608675 0.70617
-0.631274 -0.717299 -0.294916
0.686044 -0.339111 -0.643699
-0.489915 2.30281 -2.11961
2725.58 0 0
0.383919 -0.600621 0.701328
-0.622687 -0.729245 -0.28366
0.681812 -0.327805 -0.65397
-0.507943 2.29535 -2.10193
2725.58 0 0
0.405893 -0.592173 0.696119
-0.613706 -0.74101 -0.272522
0.677212 -0.316598 -0.664191
-0.525471 2.2887 -2.08487
2725.58 0 0
0.427623 -0.583337 0.690548
-0.604337 -0.752589 -0.261509
0.672247 -0.305496 -0.674356
-0.542557 2.28286 -2.06845
2725.58 0 0
0.449097 -0.574117 0.684618
-0.594584 -0.763974 -0.250628
0.666919 -0.294506 -0.68446
-0.559262 2.27784 -2.05266
2725.58 0 0
0.470303 -0.564519 0.678331
-0.584454 -0.775158 -0.239884
0.661233 -0.283635 -0.694495
-0.575644 2.27364 -2.03754
2725.58 0 0
0.491228 -0.554548 0.671692
-0.573952 -0.786134 -0.229284
0.65519 -0.272889 -0.704456
-0.591763 2.27026 -2.02307
2725.58 0 0
0.51186 -0.544212 0.664706
-0.563085 -0.796898 -0.218835
0.648795 -0.262273 -0.714338
-0.60768 2.26771 -2.00928
2725.58 0 0
0.532186 -0.533514 0.657374
-0.551859 -0.807442 -0.208542
0.642051 -0.251795 -0.724134
-0.623453 2.26597 -1.99617
2725.58 0 0
0.552195 -0.522462 0.649703
-0.540281 -0.817759 -0.198411
0.634963 -0.24146 -0.733838
-0.639144 2.26504 -1.98373
2725.58 0 0
0.571874 -0.511063 0.641697
-0.528356 -0.827844 -0.188449
0.627534 -0.231275 -0.743446
-0.654811 2.26492 -1.97199
2725.58 0 0
0.591213 -0.499323 0.63336
-0.516094 -0.837692 -0.178662
0.61977 -0.221246 -0.752951
-0.670514 2.2656 -1.96093
2725.58 0 0
0.610199 -0.487248 0.624697
-0.5035 -0.847295 -0.169054
0.611674 -0.211378 -0.762348
-0.686313 2.26708 -1.95055
2725.58 0 0
0.628823 -0.474847 0.615713
-0.490582 -0.856649 -0.159632
0.603251 -0.201677 -0.771632
-0.702266 2.26933 -1.94087
2725.58 0 0
0.647072 -0.462126 0.606414
-0.477348 -0.865748 -0.150402
0.594506 -0.192149 -0.780796
-0.718432 2.27235 -1.93187
2725.58 0 0
0.664936 -0.449092 0.596805
-0.463805 -0.874586 -0.141368
0.585444 -0.1828 -0.789835
-0.734869 2.27612 -1.92354
2725.58 0 0
0.682405 -0.435755 0.586891
-0.449961 -0.883159 -0.132536
0.576072 -0.173635 -0.798745
-0.751635 2.28062 -1.91589
2725.58 0 0
0.716115 -0.408197 0.566175
-0.421405 -0.899487 -0.1155
0.556414 -0.155878 -0.816153
-0.786377 2.29177 -1.90257
2725.58 0 0
0.720762 -0.405875 0.561933
-0.41727 -0.90137 -0.115834
0.553523 -0.150989 -0.819033
-0.783327 2.30206 -1.9343
2725.58 0 0
0.725377 -0.403519 0.557675
-0.413128 -0.90323 -0.116193
0.550595 -0.146108 -0.821887
-0.78073 2.31226 -1.96625
2725.58 0 0
0.72996 -0.401129 0.553402
-0.408977 -0.905068 -0.116574
0.547628 -0.141234 -0.824716
-0.778587 2.32237 -1.99842
2725.58 0 0
0.734512 -0.398704 0.549115
-0.404818 -0.906884 -0.116979
0.544623 -0.13637 -0.82752
-0.776899 2.33239 -2.0308
2725.58 0 0
0.739032 -0.396246 0.544813
-0.400652 -0.908677 -0.117406
0.541581 -0.131514 -0.830298
-0.775671 2.34231 -2.0634
2725.58 0 0
0.743519 -0.393753 0.540497
-0.396479 -0.910447 -0.117857
0.538501 -0.126667 -0.83305
-0.774902 2.35212 -2.0962
2725.58 0 0
0.747974 -0.391227 0.536168
-0.392299 -0.912194 -0.118332
0.535384 -0.121829 -0.835776
-0.774595 2.36184 -2.1292
2725.58 0 0
0.752397 -0.388667 0.531824
-0.388112 -0.91392 -0.118829
0.532229 -0.117001 -0.838477
-0.774751 2.37144 -2.1624
2725.58 0 0
0.756786 -0.386074 0.527467
-0.383919 -0.915621 -0.119349
0.529038 -0.112183 -0.84115
-0.775372 2.38092 -2.1958
2725.58 0 0
0.761143 -0.383447 0.523097
-0.379719 -0.9173 -0.119893
0.525809 -0.107374 -0.843798
-0.77646 2.3903 -2.22938
2725.58 0 0
0.765466 -0.380787 0.518713
-0.375513 -0.918955 -0.120459
0.522544 -0.102576 -0.846419
-0.778016 2.39955 -2.26315
2725.58 0 0
0.769755 -0.378094 0.514317
-0.371301 -0.920588 -0.121049
0.519242 -0.0977885 -0.849014
-0.780041 2.40868 -2.2971
2725.58 0 0
0.774011 -0.375368 0.509909
-0.367084 -0.922197 -0.121662
0.515904 -0.0930118 -0.851582
-0.782537 2.41768 -2.33123
2725.58 0 0
0.778232 -0.372609 0.505488
-0.362861 -0.923783 -0.122297
0.51253 -0.088246 -0.854123
-0.785506 2.42655 -2.36552
2725.58 0 0
0.782419 -0.369817 0.501055
-0.358633 -0.925346 -0.122956
0.50912 -0.0834916 -0.856636
-0.788948 2.43529 -2.39999
2725.58 0 0
0.786572 -0.366993 0.49661
-0.354399 -0.926885 -0.123637
0.505674 -0.0787487 -0.859123
-0.792865 2.44389 -2.43461
2725.58 0 0
0.79069 -0.364136 0.492153
-0.350161 -0.9284 -0.124341
0.502192 -0.0740177 -0.861582
-0.797258 2.45235 -2.4694
2725.58 0 0
0.794773 -0.361247 0.487685
-0.345919 -0.929891 -0.125068
0.498675 -0.0692986 -0.864014
-0.80213 2.46067 -2.50433
2725.58 0 0
0.79882 -0.358327 0.483206
-0.341672 -0.931359 -0.125818
0.495123 -0.0645919 -0.866419
-0.807478 2.46883 -2.53942
2725.58 0 0
0.802832 -0.355374 0.478716
-0.337421 -0.932803 -0.126591
0.491535 -0.0598977 -0.868795
-0.813307 2.47685 -2.57464
2725.58 0 0
0.806809 -0.352389 0.474216
-0.333166 -0.934223 -0.127386
0.487913 -0.0552164 -0.871144
-0.819616 2.48471 -2.61001
2725.58 0 0
0.81075 -0.349373 0.469705
-0.328908 -0.935619 -0.128204
0.484256 -0.0505481 -0.873465
-0.826406 2.49242 -2.64551
2725.58 0 0
0.814655 -0.346326 0.465183
-0.324646 -0.936991 -0.129045
0.480564 -0.0458931 -0.875758
-0.833679 2.49996 -2.68114
2725.58 0 0
0.818524 -0.343247 0.460652
-0.320381 -0.938339 -0.129908
0.476838 -0.0412516 -0.878022
-0.841436 2.50734 -2.7169
2725.58 0 0
0.822356 -0.340137 0.456111
-0.316113 -0.939662 -0.130793
0.473079 -0.0366239 -0.880258
-0.849676 2.51455 -2.75277
2725.58 0 0
0.826151 -0.336996 0.451561
-0.311842 -0.940962 -0.131702
0.469285 -0.0320103 -0.882467
-0.858401 2.52158 -2.78877
2725.58 0 0
0.82991 -0.333824 0.447002
-0.307569 -0.942237 -0.132632
0.465457 -0.027411 -0.884646
-0.867612 2.52845 -2.82487
2725.58 0 0
0.833632 -0.330622 0.442433
-0.303293 -0.943487 -0.133585
0.461596 -0.0228262 -0.886796
-0.877308 2.53513 -2.86107
2725.58 0 0
0.840964 -0.324126 0.43327
-0.294736 -0.945915 -0.135558
0.453774 -0.013701 -0.891012
-0.898161 2.54795 -2.93378
2725.58 0 0
0.845919 -0.319029 0.427366
-0.29017 -0.947676 -0.133085
0.447463 -0.0114298 -0.89423
-0.884616 2.55677 -2.92077
2725.58 0 0
0.850802 -0.313906 0.421425
-0.285576 -0.949409 -0.130644
0.441115 -0.00919681 -0.897403
-0.871056 2.56593 -2.90823
2725.58 0 0
0.855612 -0.308757 0.415447
-0.280955 -0.951115 -0.128235
0.434732 -0.0070022 -0.900533
-0.857488 2.57543 -2.89614
2725.58 0 0
0.86035 -0.303583 0.409433
-0.276307 -0.952793 -0.125859
0.428314 -0.00484621 -0.903618
-0.843924 2.58528 -2.88453
2725.58 0 0
0.865014 -0.298383 0.403383
-0.271632 -0.954442 -0.123516
0.421861 -0.00272903 -0.906656
-0.830374 2.59547 -2.87337
2725.58 0 0
0.869604 -0.293159 0.397298
-0.266931 -0.956064 -0.121205
0.415375 -0.000650831 -0.90965
-0.816845 2.60599 -2.86268
2725.58 0 0
0.87412 -0.287911 0.391179
-0.262204 -0.957657 -0.118927
0.408855 0.00138824 -0.912599
-0.803349 2.61686 -2.85245
2725.58 0 0
0.878562 -0.282639 0.385025
-0.257452 -0.959221 -0.116683
0.402303 0.00338795 -0.915501
-0.789893 2.62808 -2.84269
2725.58 0 0
0.882928 -0.277344 0.378837
-0.252675 -0.960756 -0.114472
0.395718 0.00534817 -0.918356
-0.776489 2.63963 -2.83338
2725.58 0 0
0.887219 -0.272026 0.372617
-0.247873 -0.962262 -0.112295
0.389102 0.00726873 -0.921166
-0.763145 2.65152 -2.82453
2725.58 0 0
0.891435 -0.266686 0.366364
-0.243047 -0.96374 -0.110152
0.382455 0.00914944 -0.923929
-0.749871 2.66375 -2.81615
2725.58 0 0
0.895574 -0.261324 0.360079
-0.238197 -0.965189 -0.108042
0.375778 0.0109902 -0.926645
-0.736676 2.67632 -2.80822
2725.58 0 0
0.899637 -0.255941 0.353762
-0.233324 -0.966608 -0.105967
0.36907 0.0127907 -0.929313
-0.72357 2.68922 -2.80074
2725.58 0 0
0.903623 -0.250536 0.347414
-0.228428 -0.967998 -0.103926
0.362334 0.014551 -0.931935
-0.710561 2.70247 -2.79373
2725.58 0 0
0.907532 -0.245111 0.341036
-0.22351 -0.969358 -0.10192
0.355568 0.0162708 -0.934509
-0.69766 2.71605 -2.78716
2725.58 0 0
0.911364 -0.239666 0.334628
-0.218569 -0.970689 -0.0999486
0.348775 0.01795 -0.937035
-0.684875 2.72996 -2.78105
2725.58 0 0
0.915117 -0.234202 0.328191
-0.213607 -0.971991 -0.098012
0.341953 0.0195885 -0.939513
-0.672217 2.74421 -2.77539
2725.58 0 0
0.918793 -0.228719 0.321725
-0.208624 -0.973262 -0.0961104
0.335105 0.0211861 -0.941943
-0.659693 2.7588 -2.77018
2725.58 0 0
0.92239 -0.223216 0.315231
-0.203619 -0.974504 -0.094244
0.328231 0.0227426 -0.944324
-0.647314 2.77371 -2.76541
2725.58 0 0
0.925909 -0.217696 0.308709
-0.198595 -0.975715 -0.0924131
0.32133 0.0242581 -0.946657
-0.635089 2.78896 -2.76109
2725.58 0 0
0.929348 -0.212158 0.30216
-0.19355 -0.976897 -0.0906176
0.314404 0.0257322 -0.948941
-0.623026 2.80453 -2.75721
2725.58 0 0
0.932708 -0.206603 0.295585
-0.188486 -0.978048 -0.0888579
0.307454 0.0271649 -0.951175
-0.611136 2.82043 -2.75377
2725.58 0 0
0.935989 -0.201031 0.288983
-0.183403 -0.979169 -0.0871339
0.30048 0.0285561 -0.953361
-0.599427 2.83666 -2.75078
2725.58 0 0
0.93919 -0.195443 0.282356
-0.178301 -0.980259 -0.085446
0.293482 0.0299056 -0.955497
-0.587908 2.85321 -2.74821
2725.58 0 0
0.94231 -0.189839 0.275704
-0.173181 -0.981319 -0.0837942
0.286461 0.0312133 -0.957583
-0.576589 2.87009 -2.74608
2725.58 0 0
0.94535 -0.18422 0.269028
-0.168043 -0.982349 -0.0821786
0.279418 0.0324792 -0.95962
-0.565477 2.88729 -2.74439
2725.58 0 0
0.94831 -0.178586 0.262328
-0.162888 -0.983347 -0.0805995
0.272354 0.0337031 -0.961607
-0.554584 2.9048 -2.74312
2725.58 0 0
0.951188 -0.172937 0.255605
-0.157716 -0.984315 -0.0790569
0.265268 0.0348849 -0.963544
-0.543916 2.92264 -2.74227
2725.58 0 0
0.956701 -0.161599 0.242092
-0.147322 -0.986158 -0.076082
0.251036 0.0371222 -0.967266
-0.523296 2.95925 -2.74185
2725.58 0 0
0.960673 -0.153492 0.231402
-0.138016 -0.987051 -0.0817468
0.240953 0.0465949 -0.969418
-0.532961 2.95531 -2.75788
2725.58 0 0
0.964456 -0.145268 0.220731
-0.128757 -0.987807 -0.0875103
0.230752 0.0559791 -0.971401
-0.542948 2.95152 -2.77446
2725.58 0 0
0.968047 -0.13693 0.210083
-0.11955 -0.988428 -0.0933707
0.220437 0.0652719 -0.973215
-0.553278 2.94786 -2.79159
2725.58 0 0
0.971447 -0.128479 0.199461
-0.110395 -0.988912 -0.0993267
0.210011 0.0744711 -0.974859
-0.563967 2.94433 -2.80926
2725.58 0 0
0.974653 -0.119919 0.188866
-0.101296 -0.98926 -0.105377
0.199475 0.0835742 -0.976333
-0.575033 2.94091 -2.82747
2725.58 0 0
0.977666 -0.111251 0.178303
-0.0922557 -0.989471 -0.111519
0.188832 0.092579 -0.977636
-0.586495 2.93758 -2.84623
2725.58 0 0
0.980485 -0.102477 0.167773
-0.0832751 -0.989545 -0.117752
0.178086 0.101483 -0.978768
-0.598369 2.93433 -2.86551
2725.58 0 0
0.983108 -0.0935999 0.15728
-0.0743571 -0.989483 -0.124075
0.167239 0.110284 -0.979729
-0.610674 2.93114 -2.88533
2725.58 0 0
0.985536 -0.0846217 0.146825
-0.0655038 -0.989284 -0.130485
0.156294 0.11898 -0.980518
-0.623426 2.92801 -2.90567
2725.58 0 0
0.987768 -0.0755447 0.136412
-0.0567177 -0.988949 -0.136981
0.145253 0.127569 -0.981136
-0.636642 2.92491 -2.92654
2725.58 0 0
0.989802 -0.0663712 0.126043
-0.0480008 -0.988477 -0.143562
0.134119 0.136048 -0.981582
-0.650338 2.92184 -2.94791
2725.58 0 0
0.991639 -0.0571036 0.115722
-0.0393556 -0.987868 -0.150225
0.122896 0.144415 -0.981856
-0.664532 2.91877 -2.96979
2725.58 0 0
0.993278 -0.0477443 0.10545
-0.0307841 -0.987123 -0.156969
0.111586 0.152668 -0.981958
-0.679239 2.91569 -2.99218
2725.58 0 0
0.994718 -0.0382956 0.0952296
-0.0222885 -0.986243 -0.163793
0.100192 0.160805 -0.981887
-0.694474 2.91258 -3.01505
2725.58 0 0
0.99596 -0.0287599 0.0850645
-0.0138711 -0.985227 -0.170694
0.088717 0.168824 -0.981646
-0.710254 2.90944 -3.03841
2725.58 0 0
0.997003 -0.0191398 0.0749568
-0.00553393 -0.984075 -0.177671
0.0771636 0.176723 -0.981231
-0.726594 2.90624 -3.06225
2725.58 0 0
0.997847 -0.00943758 0.0649091
0.00272081 -0.982787 -0.184721
0.0655351 0.1845 -0.980645
-0.743509 2.90297 -3.08656
2725.58 0 0
0.998491 0.000344184 0.0549239
0.010891 -0.981365 -0.191844
0.0538344 0.192153 -0.979888
-0.761013 2.89961 -3.11132
2725.58 0 0
0.998935 0.010203 0.0450039
0.0189746 -0.979808 -0.199037
0.0420644 0.199679 -0.978958
-0.77912 2.89615 -3.13653
2725.58 0 0
0.999179 0.0201364 0.0351515
0.0269696 -0.978117 -0.206299
0.0302282 0.207078 -0.977857
-0.797845 2.89256 -3.16218
2725.58 0 0
0.999224 0.0301417 0.0253693
0.0348738 -0.976293 -0.213627
0.0183288 0.214346 -0.976586
-0.817202 2.88885 -3.18826
2725.58 0 0
0.999068 0.0402166 0.0156598
0.0426853 -0.974334 -0.22102
0.00636919 0.221483 -0.975143
-0.837203 2.88498 -3.21475
2725.58 0 0
0.998713 0.0503582 0.00602542
0.050402 -0.972244 -0.228476
-0.00564747 0.228486 -0.973531
-0.857862 2.88094 -3.24165
2725.58 0 0
0.998158 0.0605642 -0.00353132
0.058022 -0.970021 -0.235993
-0.0177182 0.235353 -0.971749
-0.87919 2.87672 -3.26894
2725.58 0 0
0.997403 0.0708318 -0.013008
0.0655434 -0.967666 -0.243569
-0.0298398 0.242084 -0.969796
-0.901201 2.87229 -3.29661
2725.58 0 0
0.996449 0.0811585 -0.0224022
0.0729642 -0.965181 -0.251202
-0.0420093 0.248676 -0.967675
-0.923907 2.86765 -3.32465
2725.58 0 0
0.995296 0.0915415 -0.0317115
0.0802825 -0.962564 -0.25889
-0.0542235 0.255127 -0.965386
-0.947318 2.86277 -3.35304
2725.58 0 0
0.993944 0.101978 -0.0409335
0.0874964 -0.959819 -0.266632
-0.0664794 0.261435 -0.962929
-0.971446 2.85765 -3.38177
2725.58 0 0
0.990645 0.123003 -0.0591064
0.101604 -0.95394 -0.282266
-0.0911034 0.27362 -0.957513
-1.02189 2.84658 -3.44019
2725.58 0 0
0.990095 0.125357 -0.06322
0.102674 -0.953628 -0.282933
-0.0957561 0.273639 -0.957053
-1.00704 2.84216 -3.42724
2725.58 0 0
0.989523 0.127712 -0.0673308
0.103741 -0.953313 -0.283604
-0.100407 0.273647 -0.956574
-0.992071 2.83781 -3.41451
2725.58 0 0
0.988928 0.130066 -0.0714386
0.104805 -0.952996 -0.284279
-0.105056 0.273645 -0.956076
-0.976994 2.83354 -3.402
2725.58 0 0
0.988311 0.13242 -0.0755432
0.105864 -0.952676 -0.284959
-0.109703 0.273631 -0.955558
-0.961809 2.82933 -3.38972
2725.58 0 0
0.98767 0.134774 -0.0796446
0.10692 -0.952353 -0.285643
-0.114347 0.273606 -0.955021
-0.946518 2.82519 -3.37766
2725.58 0 0
0.987007 0.137127 -0.0837427
0.107973 -0.952027 -0.286332
-0.118989 0.273569 -0.954464
-0.931122 2.82112 -3.36583
2725.58 0 0
0.986322 0.139479 -0.0878374
0.109022 -0.951699 -0.287024
-0.123629 0.273522 -0.953887
-0.915624 2.81712 -3.35423
2725.58 0 0
0.985613 0.141831 -0.0919286
0.110067 -0.951368 -0.287722
-0.128266 0.273464 -0.953292
-0.900026 2.81319 -3.34286
2725.58 0 0
0.984882 0.144182 -0.0960162
0.111108 -0.951035 -0.288423
-0.1329 0.273394 -0.952677
-0.884329 2.80933 -3.33171
2725.58 0 0
0.984128 0.146532 -0.1001
0.112146 -0.950698 -0.289128
-0.137532 0.273314 -0.952042
-0.868535 2.80554 -3.3208
2725.58 0 0
0.983352 0.148882 -0.10418
0.11318 -0.95036 -0.289838
-0.14216 0.273222 -0.951388
-0.852648 2.80182 -3.31011
2725.58 0 0
0.982553 0.15123 -0.108256
0.11421 -0.950018 -0.290553
-0.146786 0.273119 -0.950715
-0.836667 2.79817 -3.29966
2725.58 0 0
0.981731 0.153578 -0.112329
0.115237 -0.949674 -0.291271
-0.151408 0.273005 -0.950023
-0.820595 2.79458 -3.28943
2725.58 0 0
0.980887 0.155925 -0.116397
0.116259 -0.949327 -0.291993
-0.156028 0.27288 -0.949311
-0.804435 2.79107 -3.27944
2725.58 0 0
0.98002 0.158271 -0.120461
0.117278 -0.948979 -0.29272
-0.160644 0.272744 -0.94858
-0.788188 2.78762 -3.26968
2725.58 0 0
0.979131 0.160616 -0.12452
0.118293 -0.948627 -0.293451
-0.165256 0.272597 -0.947829
-0.771856 2.78425 -3.26016
2725.58 0 0
0.978219 0.16296 -0.128576
0.119303 -0.948272 -0.294186
-0.169865 0.272439 -0.94706
-0.755441 2.78094 -3.25086
2725.58 0 0
0.977285 0.165302 -0.132627
0.12031 -0.947916 -0.294925
-0.174471 0.27227 -0.946271
-0.738945 2.7777 -3.24181
2725.58 0 0
0.976328 0.167643 -0.136673
0.121313 -0.947556 -0.295669
-0.179072 0.272089 -0.945463
-0.72237 2.77453 -3.23299
2725.58 0 0
0.975349 0.169983 -0.140715
0.122312 -0.947194 -0.296416
-0.18367 0.271898 -0.944635
-0.705717 2.77143 -3.2244
2725.58 0 0
0.974347 0.172322 -0.144752
0.123307 -0.94683 -0.297168
-0.188264 0.271695 -0.943789
-0.68899 2.7684 -3.21605
2725.58 0 0
0.973323 0.17466 -0.148784
0.124298 -0.946463 -0.297923
-0.192854 0.271482 -0.942924
-0.67219 2.76543 -3.20794
2725.58 0 0
0.972276 0.176995 -0.152811
0.125285 -0.946093 -0.298683
-0.197439 0.271257 -0.942039
-0.655318 2.76253 -3.20007
2725.58 0 0
0.971208 0.17933 -0.156833
0.126268 -0.94572 -0.299446
-0.20202 0.271021 -0.941135
-0.638377 2.7597 -3.19243
2725.58 0 0
0.970116 0.181663 -0.160851
0.127247 -0.945346 -0.300214
-0.206597 0.270775 -0.940212
-0.621369 2.75694 -3.18503
2725.58 0 0
0.969003 0.183994 -0.164862
0.128222 -0.944969 -0.300986
-0.21117 0.270517 -0.93927
-0.604296 2.75425 -3.17788
2725.58 0 0
0.967867 0.186324 -0.168869
0.129193 -0.94459 -0.301761
-0.215737 0.270248 -0.938309
-0.58716 2.75162 -3.17096
2725.58 0 0
0.966709 0.188652 -0.17287
0.130159 -0.944207 -0.302541
-0.2203 0.269968 -0.937328
-0.569962 2.74906 -3.16428
2725.58 0 0
0.964326 0.193302 -0.180857
0.132079 -0.943436 -0.304112
-0.229412 0.269375 -0.935311
-0.535391 2.74414 -3.15164
2725.58 0 0
0.962579 0.196687 -0.186431
0.133689 -0.943034 -0.304653
-0.235732 0.268328 -0.93404
-0.527128 2.73982 -3.14881
2725.58 0 0
0.960787 0.200065 -0.191996
0.135294 -0.942628 -0.305203
-0.242041 0.267259 -0.932732
-0.518837 2.73556 -3.14624
2725.58 0 0
0.958951 0.203435 -0.197551
0.136895 -0.942215 -0.305762
-0.248339 0.266167 -0.931388
-0.510519 2.73138 -3.14395
2725.58 0 0
0.957072 0.206797 -0.203097
0.138491 -0.941797 -0.306331
-0.254624 0.265054 -0.930007
-0.502179 2.72727 -3.14192
2725.58 0 0
0.955149 0.210151 -0.208632
0.140082 -0.941373 -0.306909
-0.260898 0.263918 -0.92859
-0.493821 2.72323 -3.14017
2725.58 0 0
0.953182 0.213496 -0.214157
0.141668 -0.940944 -0.307496
-0.26716 0.262761 -0.927137
-0.485446 2.71926 -3.13869
2725.58 0 0
0.951172 0.216834 -0.219672
0.14325 -0.940509 -0.308093
-0.273408 0.261581 -0.925647
-0.477061 2.71537 -3.13749
2725.58 0 0
0.949118 0.220163 -0.225175
0.144826 -0.94007 -0.308698
-0.279644 0.26038 -0.924122
-0.468667 2.71155 -3.13655
2725.58 0 0
0.94702 0.223483 -0.230668
0.146397 -0.939624 -0.309313
-0.285867 0.259157 -0.922561
-0.460267 2.70781 -3.13589
2725.58 0 0
0.94488 0.226794 -0.236149
0.147963 -0.939173 -0.309937
-0.292076 0.257912 -0.920963
-0.451866 2.70413 -3.1355
2725.58 0 0
0.942696 0.230096 -0.241618
0.149524 -0.938717 -0.31057
-0.298272 0.256645 -0.91933
-0.443467 2.70053 -3.13539
2725.58 0 0
0.94047 0.23339 -0.247076
0.15108 -0.938255 -0.311212
-0.304454 0.255357 -0.917661
-0.435073 2.697 -3.13554
2725.58 0 0
0.9382 0.236673 -0.252521
0.15263 -0.937788 -0.311863
-0.310621 0.254047 -0.915956
-0.426687 2.69354 -3.13597
2725.58 0 0
0.935887 0.239948 -0.257954
0.154175 -0.937315 -0.312523
-0.316774 0.252716 -0.914215
-0.418314 2.69015 -3.13667
2725.58 0 0
0.933532 0.243213 -0.263375
0.155714 -0.936837 -0.313191
-0.322912 0.251363 -0.912439
-0.409956 2.68683 -3.13764
2725.58 0 0
0.931134 0.246468 -0.268782
0.157248 -0.936354 -0.313869
-0.329034 0.249989 -0.910627
-0.401617 2.68359 -3.13888
2725.58 0 0
0.928693 0.249713 -0.274177
0.158776 -0.935866 -0.314556
-0.335141 0.248593 -0.90878
-0.393301 2.68041 -3.1404
2725.58 0 0
0.92621 0.252948 -0.279558
0.160298 -0.935372 -0.315252
-0.341233 0.247177 -0.906898
-0.38501 2.67731 -3.14218
2725.58 0 0
0.923684 0.256173 -0.284925
0.161815 -0.934873 -0.315956
-0.347309 0.245739 -0.90498
-0.376748 2.67428 -3.14424
2725.58 0 0
0.921117 0.259388 -0.290279
0.163325 -0.934369 -0.316669
-0.353368 0.24428 -0.903028
-0.368519 2.67132 -3.14657
2725.58 0 0
0.918507 0.262593 -0.295618
0.16483 -0.93386 -0.317391
-0.359411 0.242799 -0.90104
-0.360326 2.66843 -3.14917
2725.58 0 0
0.915855 0.265786 -0.300944
0.166329 -0.933345 -0.318122
-0.365437 0.241298 -0.899017
-0.352172 2.6656 -3.15204
2725.58 0 0
0.913162 0.268969 -0.306254
0.167822 -0.932825 -0.318862
-0.371446 0.239776 -0.896959
-0.344061 2.66285 -3.15517
2725.58 0 0
0.910426 0.272141 -0.31155
0.169308 -0.9323 -0.31961
-0.377437 0.238233 -0.894867
-0.335996 2.66017 -3.15858
2725.58 0 0
0.907649 0.275302 -0.316831
0.170789 -0.931771 -0.320367
-0.383411 0.236669 -0.892739
-0.327981 2.65756 -3.16226
2725.58 0 0
0.904831 0.278452 -0.322096
0.172263 -0.931236 -0.321132
-0.389367 0.235085 -0.890578
-0.320019 2.65501 -3.1662
2725.58 0 0
0.901971 0.28159 -0.327346
0.173731 -0.930696 -0.321906
-0.395305 0.23348 -0.888381
-0.312113 2.65254 -3.17041
2725.58 0 0
0.89907 0.284717 -0.33258
0.175192 -0.930151 -0.322688
-0.401224 0.231854 -0.886151
-0.304266 2.65013 -3.17489
2725.58 0 0
0.893145 0.290936 -0.343
0.178096 -0.929045 -0.324279
-0.413007 0.228541 -0.881586
-0.288766 2.64552 -3.18464
2725.58 0 0
0.888829 0.295587 -0.350159
0.180881 -0.928405 -0.324572
-0.421028 0.225152 -0.878659
-0.283847 2.64569 -3.16904
2725.58 0 0
0.884432 0.300205 -0.357291
0.18366 -0.927748 -0.324888
-0.429009 0.221721 -0.875666
-0.278685 2.64597 -3.15387
2725.58 0 0
0.879955 0.304789 -0.364394
0.186433 -0.927077 -0.325225
-0.436946 0.218248 -0.872609
